Dynamics Check for SC[0]

Nb:  1   Ng:  0
Mass:  4.300000
cm:  0.000000 0.000000 0.010000
I  :  0.028000  -0.000000  -0.000000 
     -0.000000  0.029000  -0.000000 
      -0.000000 -0.000000  0.006000
PosR:  0.000000 -0.000000 0.000000
VelR:  0.000000 0.000000 0.000000

Dyn Structure
-------------
Nu:  6   Nx:  7  Nf:  0
u[00]: 0.095993
u[01]: 0.008727
u[02]: 0.069813
u[03]: 0.000000
u[04]: 0.000000
u[05]: 0.000000

x[00]: 0.000000
x[01]: 1.000000
x[02]: 0.000000
x[03]: 0.000000
x[04]: 0.000000
x[05]: 0.000000
x[06]: 0.000000



Body Structure [00]
-------------------
Mass:  4.300000
cm:  0.000000 0.000000 0.010000
c:   0.000000 0.000000 0.000000
I:  0.028000 -0.000000 -0.000000
     -0.000000 0.029000 -0.000000
   -0.000000 -0.000000 0.006000
wn:  0.095993 0.008727 0.069813
qn:  0.000000 1.000000 0.000000 0.000000
vn:  0.000000 0.000000 0.000000
pn:  0.000000 0.000000 0.000000

CN:
-1.000000 0.000000 0.000000
0.000000 1.000000 0.000000
0.000000 0.000000 -1.000000
Nf: 0   f0: 0
Mf:

Kf:

Cf:

Pf:




Hf:





