Dynamics Check for SC[0]

Nb:  1   Ng:  0
Mass:  5.500000
cm:  0.000300 -0.001200 0.004000
I  :  0.080000  -0.000000  -0.000000 
     -0.000000  0.080000  -0.000000 
      -0.000000 -0.000000  0.020000
PosR:  0.000000 0.000000 0.000000
VelR:  0.000000 0.000000 0.000000

Dyn Structure
-------------
Nu:  6   Nx:  7  Nf:  0
u[00]: 0.026180
u[01]: 0.026180
u[02]: 0.026180
u[03]: 0.000000
u[04]: 0.000000
u[05]: 0.000000

x[00]: 0.000000
x[01]: 0.000000
x[02]: 0.000000
x[03]: 1.000000
x[04]: 0.000000
x[05]: 0.000000
x[06]: 0.000000



Body Structure [00]
-------------------
Mass:  5.500000
cm:  0.000300 -0.001200 0.004000
c:   0.000000 0.000000 0.000000
I:  0.080000 -0.000000 -0.000000
     -0.000000 0.080000 -0.000000
   -0.000000 -0.000000 0.020000
wn:  0.026180 0.026180 0.026180
qn:  0.000000 0.000000 0.000000 1.000000
vn:  0.000000 0.000000 0.000000
pn:  0.000000 0.000000 0.000000

CN:
1.000000 0.000000 0.000000
0.000000 1.000000 0.000000
0.000000 0.000000 1.000000
Nf: 0   f0: 0
Mf:

Kf:

Cf:

Pf:




Hf:





